,T1008,T1016,T102,T1025,T1053,T1065,T1067,T107,T1074,T1076,T1079,T1102,T1105,T1117,T1124,T1125,T1135,T1141,T1151,T1168,T1181,T1204,T1234,T1248,T127,T1287,T1308,T1317,T1324,T1334,T1349,T1374,T138,T1382,T1389,T1426,T1439,T1447,T147,T1490,T1494,T1503,T1516,T1520,T1538,T1539,T1552,T1577,T1593,T1599,T1601,T1629,T1630,T1631,T1655,T171,T176,T189,T191,T193,T232,T257,T282,T3,T306,T308,T317,T331,T332,T343,T344,T355,T361,T372,T393,T413,T417,T421,T446,T450,T463,T464,T511,T520,T523,T525,T536,T566,T580,T619,T621,T625,T628,T632,T655,T680,T702,T704,T71,T731,T742,T761,T808,T838,T839,T866,T907,T943,T97,T973,chain_break_fraction,energy,num_occurrences
0,0,1,1,0,0,0,0,0,0,0,1,0,1,0,0,0,0,1,0,0,0,0,1,1,0,0,1,0,1,1,0,1,1,0,1,1,0,1,0,0,0,0,0,0,0,0,0,1,0,1,1,0,1,1,1,0,0,0,1,0,0,0,0,0,1,0,0,0,0,0,0,0,0,1,1,0,0,1,1,1,0,0,0,0,0,1,1,1,0,1,0,1,1,0,1,0,0,0,0,0,0,0,0,1,0,0,0,1,0,0,0.45454545454545453,0.057837465738613675,1
1,1,1,1,0,0,0,0,0,0,0,1,1,1,0,0,0,0,1,0,0,0,0,1,1,0,0,0,0,1,1,0,1,1,0,1,1,0,1,0,0,0,0,0,0,0,0,0,1,0,1,1,0,1,1,1,0,0,0,1,0,0,0,0,0,1,0,0,0,0,0,0,0,0,1,1,0,0,0,1,1,0,0,0,0,0,0,1,0,0,1,0,0,1,0,1,0,0,0,0,0,0,0,0,1,0,0,1,1,0,0,0.45454545454545453,0.052752196954109994,1
2,1,1,1,0,0,0,0,0,0,0,1,1,1,0,0,0,0,1,0,0,0,0,1,1,0,0,1,0,1,1,0,0,1,0,1,1,0,1,0,0,0,0,0,0,0,0,0,1,0,1,1,0,1,1,1,0,0,0,1,0,0,0,0,0,1,0,0,0,0,0,0,0,0,1,1,0,0,1,1,1,0,0,0,0,0,0,1,1,0,1,0,1,0,0,1,0,0,0,0,0,0,0,0,1,0,0,1,1,0,0,0.4636363636363636,0.05647695073201374,1
3,1,1,1,0,0,0,0,0,0,0,1,0,1,0,0,0,1,1,0,0,0,0,1,1,0,0,1,0,1,1,0,0,1,0,1,1,0,1,0,0,0,0,0,0,0,0,0,1,0,1,1,0,1,1,1,0,0,0,1,0,0,0,0,0,0,0,0,0,0,0,0,0,0,1,1,0,0,1,1,1,0,0,0,0,0,1,1,1,0,1,0,1,0,0,1,0,0,0,0,0,0,0,0,1,0,0,0,1,0,0,0.45454545454545453,0.055201608080111396,1
4,1,1,1,0,0,0,0,0,0,0,1,1,1,0,0,0,0,1,0,0,0,0,1,1,0,0,1,0,1,0,0,1,1,0,1,1,0,1,0,0,0,0,0,0,0,0,0,1,0,1,1,0,1,0,1,0,0,0,1,0,0,0,0,0,1,0,0,0,0,0,0,0,0,1,1,0,0,1,0,0,0,0,0,0,0,1,1,0,0,1,0,1,1,0,1,0,0,0,0,0,0,0,0,1,0,0,1,1,0,0,0.45454545454545453,0.0530800463020834,1
5,1,1,1,0,0,0,1,0,0,0,1,1,1,0,0,0,0,1,0,0,0,0,1,1,0,0,1,0,1,1,0,1,1,0,1,1,0,1,0,0,0,0,0,0,0,0,0,1,0,1,1,0,1,1,1,0,0,0,1,0,0,0,0,0,1,0,0,0,0,0,0,0,0,1,1,0,0,1,1,1,0,0,0,0,0,1,1,1,0,1,0,0,1,0,1,0,0,0,0,0,0,0,0,1,0,0,1,1,0,0,0.4636363636363636,0.06104142487468847,1
6,1,1,1,0,0,0,0,0,0,0,1,0,1,0,0,0,1,1,0,0,0,0,1,1,0,0,1,0,1,1,0,1,1,0,1,0,0,1,0,0,0,0,0,0,0,0,0,1,1,1,1,0,1,1,1,0,0,0,1,0,0,0,0,0,1,0,0,0,0,0,0,0,0,1,1,0,0,1,1,1,0,0,0,0,0,0,1,0,0,1,0,0,1,0,1,0,0,0,0,0,0,0,1,1,0,0,1,1,0,0,0.4909090909090909,0.057806028584735505,1
7,1,1,1,0,0,0,1,0,0,0,1,0,1,0,0,0,0,1,0,0,0,0,1,1,0,0,1,0,1,1,0,1,1,0,1,1,0,1,0,0,0,0,0,0,0,0,0,1,1,0,1,0,1,1,1,0,0,0,1,0,0,0,0,0,1,0,0,0,0,0,0,0,0,1,1,0,0,1,0,1,0,0,0,0,0,0,1,1,0,1,0,0,1,0,1,0,0,0,0,0,0,0,0,1,0,0,1,1,0,0,0.4636363636363636,0.05608511826810424,1
8,1,1,1,0,0,0,0,0,0,0,1,1,1,0,0,0,0,1,0,0,0,0,1,1,0,0,1,0,1,1,0,0,1,0,1,1,0,1,0,0,0,0,0,0,0,0,0,1,0,1,1,0,1,1,1,0,0,0,1,0,0,0,0,0,1,0,0,0,0,0,0,0,0,1,1,0,0,1,1,1,0,0,0,0,0,0,0,1,0,1,0,1,0,0,1,0,0,0,0,0,0,0,0,1,0,0,1,1,0,0,0.4636363636363636,0.05549634298935831,1
9,1,1,1,0,0,0,0,0,0,0,1,0,1,0,0,0,0,1,0,0,0,0,1,1,0,0,1,0,1,1,0,0,0,0,1,1,0,0,0,0,0,0,1,0,0,0,0,1,0,1,1,0,1,1,1,0,0,0,1,0,0,0,0,0,1,0,0,0,0,0,0,0,0,1,1,0,0,1,0,1,0,0,0,0,0,0,1,1,0,1,0,1,1,0,1,0,0,0,0,0,0,0,0,1,0,0,0,1,0,0,0.4636363636363636,0.05230220358875189,1
10,0,0,0,0,0,0,0,0,1,0,0,1,0,1,0,1,0,0,1,1,1,1,0,0,1,1,0,0,0,0,1,0,0,1,0,0,1,0,1,1,0,1,0,1,1,1,1,0,0,1,0,0,0,0,0,0,0,1,0,1,0,0,1,0,0,0,1,0,1,1,0,0,0,0,0,1,0,0,0,0,0,0,0,0,0,0,0,0,0,0,0,0,0,1,0,1,0,1,0,0,0,1,0,0,1,0,0,0,1,1,0.4,0.05321845474651156,1
11,0,0,0,0,0,1,0,0,0,0,0,1,0,1,0,1,0,0,1,1,1,1,0,0,1,1,0,0,0,0,1,0,0,1,0,0,1,0,1,1,0,1,0,1,1,1,1,0,0,0,0,0,0,0,0,0,0,1,0,1,0,0,1,0,0,0,1,0,0,1,0,0,0,0,0,1,0,0,0,0,0,0,0,0,0,0,0,0,0,0,0,0,0,1,0,1,0,1,0,0,0,0,0,0,1,1,0,0,1,1,0.43636363636363634,0.05071428253610325,1
12,1,1,1,0,0,0,0,0,0,0,1,1,1,0,0,0,0,1,0,0,0,0,1,1,0,0,0,0,1,1,0,1,1,0,1,1,0,1,0,0,0,0,0,0,0,0,0,1,0,0,1,0,1,1,1,1,0,0,1,0,0,0,0,0,1,0,0,0,0,0,0,0,0,1,1,0,0,1,1,1,0,0,0,0,0,1,1,1,0,1,0,1,1,0,1,0,0,0,0,0,0,0,1,1,0,0,1,0,0,0,0.509090909090909,0.0601977090405965,1
13,0,0,0,0,1,1,0,0,1,0,0,1,0,1,0,1,0,0,1,1,1,1,0,0,1,1,0,0,0,0,1,0,0,1,0,0,1,0,1,1,1,1,0,1,1,1,1,0,0,1,0,0,0,0,0,0,0,1,0,1,0,0,1,0,0,0,1,0,0,1,1,0,0,0,0,1,0,0,0,0,0,0,0,0,0,0,0,0,0,0,0,0,0,1,0,1,0,1,0,0,0,1,0,0,1,1,0,0,0,1,0.4636363636363636,0.05856271075429278,1
14,0,0,0,0,0,0,0,0,1,1,0,1,0,1,0,1,0,0,1,1,1,1,0,0,1,1,0,0,0,0,1,0,0,1,0,0,1,0,1,1,1,1,0,1,0,1,1,0,0,0,0,1,0,0,0,0,0,1,0,1,0,0,1,0,0,0,1,0,1,1,1,0,0,0,0,1,0,0,0,0,0,0,0,0,0,0,0,0,0,0,0,0,0,1,0,1,0,1,0,0,0,1,0,0,1,1,0,0,1,1,0.42727272727272725,0.05830692022442391,1
15,0,0,0,0,0,0,0,0,1,0,0,1,0,1,0,1,0,0,1,1,1,1,0,0,1,1,0,0,0,0,1,0,0,1,0,0,1,0,1,1,1,1,0,1,1,1,1,0,0,1,0,0,0,0,0,0,0,1,0,1,0,0,1,0,0,0,1,0,0,1,1,0,0,0,0,1,0,0,0,0,0,0,0,0,0,0,0,0,0,0,0,0,0,1,0,1,0,1,1,0,0,1,0,0,1,0,0,0,1,1,0.42727272727272725,0.056689409462485046,1
16,0,0,0,0,0,0,0,0,0,1,0,1,0,1,0,1,0,0,1,1,1,1,0,0,1,1,0,0,0,0,1,0,0,1,0,0,1,0,1,1,0,1,0,1,1,1,1,0,0,1,0,0,0,0,0,0,0,1,0,1,0,0,1,0,0,0,1,0,0,1,1,0,1,0,0,1,0,0,0,0,0,0,0,0,0,0,0,0,0,0,0,0,0,1,0,0,0,1,0,0,0,0,0,0,1,1,0,0,1,1,0.39090909090909093,0.053039098668629645,1
17,0,0,0,0,1,0,0,0,0,0,0,0,0,1,1,1,0,0,1,1,1,1,0,0,1,1,0,0,0,0,1,0,0,1,0,0,1,0,1,1,0,1,0,1,1,1,1,0,0,1,0,0,0,0,0,0,0,1,0,1,0,0,1,0,0,0,1,0,1,1,1,1,1,0,0,1,0,0,0,0,0,0,0,0,0,0,0,0,0,0,0,0,0,1,0,1,0,1,0,0,0,0,0,0,1,1,0,0,1,1,0.45454545454545453,0.05905434260030679,1
18,0,0,0,0,0,0,0,0,1,0,0,1,0,1,0,1,0,0,1,1,1,1,0,0,1,1,0,0,0,0,1,0,0,1,0,0,1,0,1,1,1,1,0,1,0,1,1,0,0,1,0,0,0,0,0,0,0,1,0,1,0,0,1,0,0,0,1,0,0,0,0,0,0,0,0,1,0,0,0,0,0,0,0,0,0,0,0,0,0,0,0,0,0,1,0,1,0,1,1,0,0,0,0,0,1,1,0,0,1,1,0.4,0.05176086686085946,1
19,0,0,0,0,1,1,0,0,1,0,0,1,0,1,1,1,0,0,1,1,1,0,0,0,1,1,0,0,0,0,1,0,0,1,0,0,1,0,1,1,0,1,0,1,0,1,1,0,0,1,0,0,0,0,0,0,0,1,0,1,0,0,1,0,0,0,1,0,1,1,1,0,0,0,0,1,0,0,0,0,0,0,0,0,0,0,0,0,0,0,0,0,0,1,0,1,0,1,1,0,0,1,0,0,1,1,0,0,1,1,0.44545454545454544,0.060142620683891035,1
20,0,0,0,0,0,0,0,0,1,0,0,1,0,1,0,1,0,0,1,1,1,0,0,0,1,1,0,0,0,0,1,0,0,0,0,0,1,0,1,1,0,1,0,1,0,1,1,0,0,1,0,0,0,0,0,0,0,1,0,1,0,0,1,0,0,0,1,0,1,1,0,0,0,0,0,1,0,0,0,0,0,0,0,0,0,0,0,0,0,0,0,0,0,1,0,1,0,1,1,0,0,0,0,0,1,1,0,0,0,1,0.4636363636363636,0.04875832335793751,1
21,0,0,0,0,1,1,0,0,1,1,0,1,0,1,0,1,0,0,1,1,1,1,0,0,0,1,0,0,0,0,1,0,0,1,0,0,1,0,0,1,0,1,0,1,1,1,1,0,0,1,0,0,0,0,0,0,0,1,0,1,0,0,1,0,0,0,1,0,0,1,0,0,0,0,0,1,0,0,0,0,0,0,0,0,1,0,0,0,0,0,0,0,0,1,0,0,0,1,0,0,0,1,0,0,1,1,0,0,1,1,0.42727272727272725,0.053819314982415455,1
22,0,0,0,0,0,1,0,0,0,0,0,1,0,1,1,1,0,0,1,1,1,1,0,0,1,1,0,0,0,0,1,0,0,1,0,0,1,0,1,1,0,1,0,1,1,1,1,0,0,1,0,0,0,0,0,0,0,1,0,1,0,0,1,0,0,0,1,0,0,1,1,0,1,0,0,1,0,0,0,0,0,0,0,0,1,0,0,0,0,0,0,0,0,1,0,1,0,1,0,0,0,1,0,0,1,1,0,0,1,1,0.45454545454545453,0.060513790694889665,1
23,0,0,0,0,0,1,0,0,1,0,0,1,0,1,0,1,0,0,1,1,1,1,0,0,1,1,0,0,0,0,1,0,0,1,0,0,1,0,0,1,0,1,0,1,1,1,1,0,0,0,0,0,0,0,0,0,0,1,0,1,0,0,1,0,0,0,1,0,1,1,0,0,0,0,0,1,0,0,0,0,0,0,0,0,1,0,0,0,0,0,0,0,0,1,0,1,0,1,0,0,0,0,0,0,1,1,0,0,1,1,0.4636363636363636,0.053554069098611976,1
24,0,0,0,0,0,0,0,0,0,0,0,1,0,1,1,1,1,0,1,1,1,1,0,0,1,1,0,0,0,0,1,0,0,1,0,0,1,0,0,1,1,1,0,1,1,1,1,0,0,1,0,0,0,0,0,0,0,1,0,1,0,0,1,0,0,0,1,0,0,1,1,0,0,0,0,1,0,0,0,0,0,0,0,0,0,0,0,0,0,0,0,0,0,1,0,1,0,1,0,0,0,1,0,0,1,1,0,0,0,1,0.42727272727272725,0.0543057737039098,1
25,0,0,0,0,1,0,0,0,1,0,0,1,0,1,0,1,0,0,1,1,1,1,0,0,1,1,0,0,0,0,1,0,0,1,0,0,1,0,0,1,1,1,0,1,1,1,1,0,0,0,0,0,0,0,0,0,1,1,0,1,0,0,1,0,0,0,1,0,0,1,0,1,0,0,0,1,0,0,0,0,0,0,0,0,0,0,0,0,0,0,0,0,0,1,0,0,0,1,1,0,0,0,0,0,1,0,0,0,1,1,0.4090909090909091,0.05250210695328288,1
26,0,0,0,0,0,1,0,0,1,0,0,1,0,1,0,1,0,0,1,1,1,1,0,0,1,1,0,0,0,0,1,0,0,1,0,0,1,0,1,1,0,1,0,1,1,1,1,0,0,1,0,0,0,0,0,0,0,1,0,1,0,0,1,0,0,0,1,0,1,1,1,0,0,0,0,1,0,0,0,0,0,0,0,0,0,0,0,0,0,0,0,0,0,1,0,1,0,0,0,0,0,0,0,0,1,1,0,0,1,1,0.4636363636363636,0.0545530103959766,1
27,0,0,0,0,0,1,0,0,0,0,0,1,0,1,0,1,0,0,1,1,1,1,0,0,1,1,0,0,0,0,1,0,0,1,0,0,1,0,1,1,1,1,0,1,1,1,1,0,0,1,0,0,0,0,0,0,0,1,0,1,0,0,1,0,0,0,1,0,0,1,1,0,0,0,0,1,0,0,0,0,0,0,0,0,0,0,0,0,0,0,0,0,0,0,0,1,0,1,0,0,0,0,0,0,1,1,0,0,1,1,0.42727272727272725,0.05376429043928371,1
28,0,0,0,0,0,1,0,0,0,0,0,1,0,1,1,1,0,0,1,1,1,1,0,0,1,1,0,0,0,0,1,0,0,1,0,0,1,0,1,1,1,1,0,1,1,1,1,0,0,1,0,0,0,0,0,0,0,1,0,1,0,0,1,0,0,0,1,0,1,1,0,0,0,0,0,1,0,0,0,0,0,0,0,0,0,0,0,0,0,0,0,0,0,0,0,1,0,1,0,0,0,1,0,0,1,1,0,0,0,1,0.43636363636363634,0.05512285673245162,1
29,0,0,0,0,1,1,0,0,1,0,0,1,0,1,0,1,0,0,1,1,1,1,0,0,1,1,0,0,0,0,1,0,0,1,0,0,1,0,1,1,1,1,0,1,0,1,1,0,0,1,0,0,0,0,0,0,0,1,0,1,0,0,1,0,0,0,1,0,1,1,0,0,0,0,0,1,0,0,0,0,0,0,0,0,0,0,0,0,0,0,0,0,0,1,0,1,0,1,0,0,0,1,0,0,1,1,0,0,1,1,0.4636363636363636,0.05910241481518753,1
30,0,0,0,0,1,1,0,0,1,0,0,1,0,1,1,1,0,0,1,1,1,1,0,0,1,1,0,0,0,0,1,0,0,1,0,0,1,0,0,1,1,1,0,1,1,1,0,0,0,1,0,0,0,0,0,0,0,1,0,1,0,0,1,0,0,0,1,0,1,1,1,0,0,0,0,1,0,0,0,0,0,0,0,0,1,0,0,0,0,0,0,0,0,1,0,1,0,1,0,0,0,1,0,0,1,0,0,0,1,1,0.44545454545454544,0.06010242980109192,1
31,0,0,0,0,0,0,0,0,1,0,0,1,0,1,0,1,0,0,1,1,1,1,0,0,1,1,0,0,0,0,1,0,0,1,0,0,1,0,0,1,1,1,0,1,1,1,1,0,0,1,0,0,0,0,0,0,0,1,0,1,0,0,1,0,0,0,1,0,1,1,1,0,1,0,0,1,0,0,0,0,0,0,0,0,0,0,0,0,0,0,0,0,0,1,0,1,0,1,0,0,0,1,0,0,1,0,0,0,0,1,0.43636363636363634,0.055128915543808873,1
32,0,0,0,0,0,1,0,0,1,0,0,1,0,1,0,1,0,0,1,1,1,1,0,0,1,1,0,0,0,0,1,0,0,1,0,0,1,0,0,1,1,1,0,1,0,1,1,0,0,1,0,0,0,0,0,0,0,1,0,1,0,0,1,0,0,0,1,0,1,1,1,0,0,0,0,1,0,0,0,0,0,0,0,0,0,0,0,0,0,0,0,0,0,1,0,1,0,1,1,0,0,1,0,0,1,1,0,0,0,1,0.45454545454545453,0.056612463055223716,1
33,0,0,0,0,0,0,0,0,1,1,0,1,0,1,1,1,0,0,1,1,1,1,0,0,1,1,0,0,0,0,1,0,0,1,0,0,1,0,0,1,1,1,0,1,0,1,1,0,0,1,0,0,0,0,0,0,0,1,0,1,0,0,1,0,0,0,1,0,1,1,1,0,0,0,0,1,0,0,0,0,0,0,0,0,0,0,0,0,0,0,0,0,0,1,0,1,0,1,0,0,0,0,0,0,1,1,0,0,1,1,0.43636363636363634,0.055984059212014284,1
34,0,0,0,0,0,0,0,0,0,0,0,1,0,1,1,1,0,0,1,1,1,1,0,0,1,1,0,0,0,0,1,0,0,1,0,0,1,0,0,1,1,1,0,1,1,1,1,0,0,1,0,0,0,0,0,0,0,1,0,1,0,0,1,0,0,0,1,0,0,1,1,0,0,0,0,1,0,0,0,0,0,0,0,0,0,0,0,0,0,0,0,0,0,1,0,1,0,1,1,0,0,1,0,0,1,1,0,0,1,1,0.44545454545454544,0.05670518504011282,1
35,0,0,0,0,1,1,0,0,1,0,0,1,0,1,0,1,0,0,1,1,1,1,0,0,1,1,0,0,0,0,1,0,0,1,0,0,1,0,1,1,0,1,0,1,1,1,1,0,0,1,0,0,0,0,0,0,0,1,0,1,1,0,1,0,0,0,1,0,0,1,1,0,0,0,0,1,0,0,0,0,0,0,0,0,0,0,0,0,0,0,0,0,0,1,0,1,0,1,0,0,0,0,0,0,1,1,0,0,0,1,0.45454545454545453,0.05639008172724072,1
36,0,0,0,0,1,0,0,0,0,1,0,0,0,1,0,1,0,0,1,1,1,1,0,0,1,1,0,0,0,0,1,0,0,1,0,0,1,0,0,1,0,1,0,1,1,1,1,0,0,1,0,0,0,0,0,0,0,1,0,1,0,0,1,0,0,0,1,0,1,0,1,0,0,0,0,1,0,0,0,0,0,0,0,0,0,0,0,0,0,0,0,0,0,1,0,1,0,1,1,0,0,1,0,0,1,1,0,0,1,1,0.45454545454545453,0.05483239700192831,1
37,0,0,0,0,1,1,0,0,0,0,0,1,0,1,0,1,0,0,1,1,1,1,0,0,1,1,0,0,0,0,1,0,0,1,0,0,1,0,0,1,1,1,0,1,1,1,1,0,0,0,0,0,0,0,0,0,0,1,0,1,0,0,1,0,0,0,1,0,1,1,1,0,1,0,0,1,0,0,0,0,0,0,0,0,0,0,0,0,0,0,0,0,0,1,0,1,0,0,0,0,0,0,0,0,1,1,0,0,0,1,0.4636363636363636,0.05416785037451888,1
38,0,0,0,0,0,0,0,0,1,0,0,0,0,1,0,0,0,0,1,1,1,0,0,0,1,1,0,0,0,0,1,0,0,1,0,0,1,0,1,1,1,1,0,1,1,1,1,0,0,0,0,1,0,0,0,0,0,1,0,1,0,0,1,0,0,0,1,0,0,1,0,0,0,0,0,1,0,0,0,0,0,0,0,0,0,0,0,0,0,0,0,0,0,1,0,1,0,1,0,0,0,1,0,0,1,1,0,0,1,1,0.43636363636363634,0.051501031511001424,1
39,0,0,0,0,0,0,0,0,0,0,0,1,0,0,0,1,0,0,1,1,1,1,0,0,1,1,0,0,0,0,1,0,0,1,0,0,1,0,1,1,1,1,0,1,0,1,1,0,0,1,0,0,0,0,0,0,0,1,0,1,0,0,1,0,0,0,1,0,1,1,1,0,0,0,0,1,0,0,0,0,0,0,0,0,0,0,0,0,0,0,0,0,0,0,0,1,0,1,1,0,0,1,0,0,1,1,0,0,1,1,0.4636363636363636,0.05475512340341732,1
40,0,0,0,0,1,0,0,0,0,0,0,1,0,1,1,1,0,0,1,1,1,1,0,0,1,1,0,0,0,0,1,0,0,1,0,0,1,0,1,1,1,1,0,1,1,1,1,0,0,1,0,0,0,0,0,0,0,1,0,1,0,0,1,0,0,0,0,0,0,1,1,0,0,0,0,1,0,0,0,0,0,0,0,0,1,0,0,0,0,0,0,0,0,1,0,1,0,1,0,0,0,1,0,0,1,1,0,0,1,1,0.44545454545454544,0.05907497326036909,1
41,0,0,0,0,0,0,0,0,0,0,0,1,0,1,0,1,0,0,1,1,1,1,0,0,1,1,0,0,0,0,1,0,0,1,0,0,1,0,1,1,1,1,0,1,1,1,1,0,0,1,0,0,0,0,0,0,0,1,0,1,0,0,1,0,0,0,1,0,1,1,1,0,1,0,0,1,0,0,0,0,0,0,0,0,0,0,0,0,0,0,0,0,0,1,0,1,0,1,0,0,0,0,0,0,1,1,0,0,1,1,0.44545454545454544,0.05781042952638651,1
42,0,0,0,0,0,1,0,0,1,0,0,1,0,1,0,1,0,0,1,1,1,0,0,0,1,1,0,0,0,0,1,0,0,1,0,0,1,0,1,1,0,1,0,1,1,1,1,0,0,1,0,0,0,0,0,0,0,1,0,1,0,0,1,0,0,0,1,0,0,1,1,0,0,0,0,1,0,0,0,0,0,0,0,0,0,0,0,0,0,0,0,0,0,1,0,1,0,1,0,0,0,1,0,0,1,1,0,0,0,1,0.43636363636363634,0.05309617042272293,1
43,0,0,0,0,1,0,0,0,1,0,0,1,0,1,0,1,0,0,1,1,1,0,0,0,1,1,0,0,0,0,1,0,0,1,0,0,1,0,1,1,1,1,0,1,1,1,1,0,0,1,0,0,0,0,0,0,0,1,0,1,1,0,1,0,0,0,1,0,0,1,0,0,0,0,0,1,0,0,0,0,0,0,0,0,1,0,0,0,0,0,0,0,0,1,0,1,0,1,0,0,0,0,0,0,1,1,0,0,0,1,0.4818181818181818,0.055823247402842974,1
44,0,0,0,0,0,0,0,0,0,0,0,1,0,1,0,1,0,0,1,1,1,1,0,0,1,1,0,0,0,0,1,0,0,1,0,0,1,0,1,1,1,1,0,1,1,1,1,0,0,1,0,0,0,0,0,0,0,1,0,1,0,0,1,0,0,0,1,0,1,0,0,0,0,0,0,1,0,0,0,0,0,0,0,0,0,0,0,0,0,0,0,0,0,1,0,1,0,1,1,0,0,0,0,0,1,0,0,0,1,1,0.43636363636363634,0.052059636845918064,1
45,0,0,0,0,1,1,0,0,1,0,0,1,0,1,0,1,0,0,1,1,1,1,0,0,1,1,0,0,0,0,1,0,0,1,0,0,1,0,1,1,0,1,0,0,0,1,1,0,0,1,0,0,0,0,0,0,1,1,0,1,0,0,1,0,0,0,1,0,0,0,0,0,1,0,0,1,0,0,0,0,0,0,0,0,0,0,0,0,0,0,0,0,0,1,0,1,0,1,0,0,0,1,0,0,1,1,0,0,1,1,0.41818181818181815,0.05446853057445868,1
46,0,0,0,0,1,0,0,0,1,0,0,0,0,1,0,1,0,0,1,1,1,1,0,0,1,1,0,0,0,0,1,0,0,1,0,0,1,0,1,1,1,1,0,1,0,1,1,0,0,1,0,0,0,0,0,0,0,1,0,1,0,0,1,0,0,0,1,0,1,1,1,0,0,0,0,1,0,0,0,0,0,0,0,0,0,0,0,0,0,0,0,0,0,1,0,1,0,1,1,0,0,1,0,0,1,0,0,0,0,1,0.44545454545454544,0.055751287946624394,1
47,0,0,0,0,1,1,0,0,1,0,0,1,0,1,0,1,0,0,1,1,1,1,0,0,1,1,0,0,0,0,1,0,0,1,0,0,1,0,0,1,1,1,0,1,0,1,1,0,0,1,0,0,0,0,0,0,0,1,0,1,0,0,1,0,0,0,1,0,1,1,0,0,1,0,0,1,0,0,0,0,0,0,0,0,1,0,0,0,0,0,0,0,0,1,0,1,0,1,1,0,0,0,0,0,1,0,0,0,1,1,0.43636363636363634,0.05875770076554251,1
48,0,0,0,0,1,1,0,0,1,0,0,0,0,1,0,1,0,0,1,1,1,0,0,0,0,1,0,0,0,0,1,0,0,0,0,0,1,0,1,1,1,1,0,1,1,1,1,0,0,0,0,0,0,0,0,0,0,1,0,1,0,0,1,0,0,0,1,0,1,1,1,0,0,0,0,1,0,0,0,0,0,0,0,0,0,0,0,0,0,0,0,0,0,1,0,1,0,0,1,0,0,0,0,0,1,1,0,0,1,1,0.43636363636363634,0.05269059855126399,1
49,0,0,0,0,0,0,0,0,1,0,0,1,0,1,0,1,1,0,1,1,1,1,0,0,1,1,0,0,0,0,1,0,0,1,0,0,1,0,0,1,1,1,0,1,1,1,1,0,0,1,0,0,0,0,0,0,0,1,0,1,0,0,1,0,0,0,1,0,0,1,1,0,0,0,0,1,0,0,0,0,0,0,0,0,1,0,0,0,0,0,0,0,0,1,0,0,0,1,0,0,0,0,0,0,1,1,0,0,1,1,0.4818181818181818,0.05452262679943261,1
50,0,0,0,0,1,1,0,0,0,0,0,1,0,1,1,1,1,0,1,1,1,1,0,0,1,1,0,0,0,0,1,0,0,1,0,0,1,0,1,1,1,1,0,1,0,1,1,0,0,0,0,0,0,0,0,0,0,1,0,1,0,0,1,0,0,0,1,0,1,1,1,0,1,0,0,1,0,0,0,0,0,0,0,0,1,0,0,0,0,0,0,0,0,1,0,1,0,1,0,0,0,0,0,0,1,1,0,0,1,1,0.4818181818181818,0.0629669843915595,1
51,0,0,0,0,0,0,0,0,1,0,0,0,0,1,0,1,0,0,1,1,1,1,0,0,1,1,0,0,0,0,1,0,0,1,0,0,1,0,0,1,1,1,0,1,0,1,1,0,0,1,0,0,0,0,0,0,0,1,0,1,0,0,1,0,0,0,1,0,1,1,0,0,0,0,0,1,0,0,0,0,0,0,0,0,0,0,0,0,0,0,0,0,0,1,0,1,0,1,0,0,0,1,0,0,1,0,0,0,1,1,0.42727272727272725,0.05103523022781005,1
52,0,0,0,0,1,0,0,0,1,0,0,1,0,1,1,1,1,0,1,1,1,1,0,0,1,1,0,0,0,0,1,0,0,1,0,0,1,0,1,1,1,1,0,1,0,1,1,0,0,1,0,0,0,0,0,0,0,1,0,1,0,0,1,0,0,0,1,0,0,0,0,0,0,0,0,1,0,0,0,0,0,0,0,0,1,0,0,0,0,0,0,0,0,1,0,0,0,1,1,0,0,1,0,0,1,1,0,0,1,1,0.43636363636363634,0.05787542979363706,1
53,0,0,0,0,0,0,0,0,0,0,0,1,0,1,0,1,0,0,1,1,1,1,0,0,1,1,0,0,0,0,1,0,0,1,0,0,1,0,1,1,0,1,0,1,1,1,1,0,0,0,0,0,0,0,0,0,0,1,0,1,0,0,1,0,0,0,1,0,1,1,1,0,0,0,0,1,0,0,0,0,0,0,0,0,0,0,0,0,0,0,0,0,0,1,0,1,0,1,1,0,0,0,0,0,1,0,0,0,0,1,0.42727272727272725,0.05052806093348443,1
54,0,0,0,0,1,0,0,0,0,0,0,1,0,1,0,1,0,0,1,1,1,1,0,0,1,1,0,0,0,0,1,0,0,1,0,0,1,0,1,1,1,1,0,1,0,1,1,0,0,0,0,1,0,0,0,0,0,1,0,1,0,0,1,0,0,0,1,0,1,1,1,0,0,0,0,1,1,0,0,0,0,0,0,0,0,0,0,0,0,0,0,0,0,1,0,1,0,1,0,0,0,0,0,0,1,0,0,0,1,1,0.4636363636363636,0.055859800087067105,1
55,0,0,0,0,1,0,0,0,0,0,0,1,0,1,1,1,0,0,1,1,1,1,0,0,1,1,0,0,0,0,1,0,0,1,0,0,1,0,0,0,1,1,0,1,1,1,1,0,0,0,0,0,0,0,0,0,0,1,0,1,0,0,1,0,0,0,1,0,1,1,1,0,0,0,0,1,0,0,0,0,0,0,0,0,1,0,0,0,0,0,0,0,0,1,0,1,0,1,1,0,0,1,0,0,1,0,0,0,0,1,0.44545454545454544,0.05572136339161897,1
56,0,0,0,0,1,0,0,0,1,0,0,1,0,1,1,1,0,0,1,1,1,1,0,0,1,1,0,0,0,0,1,0,0,1,0,0,1,0,1,1,0,1,0,1,1,1,1,0,0,1,0,0,0,0,0,0,0,1,0,1,0,0,1,0,0,0,1,0,1,1,0,0,0,0,0,1,0,0,0,0,0,0,0,0,0,0,0,0,0,0,0,0,0,1,0,1,0,1,0,0,0,0,0,0,1,1,0,0,0,1,0.42727272727272725,0.054408963645328136,1
57,0,0,0,0,1,1,0,0,0,0,0,1,0,1,0,1,0,0,1,1,1,0,0,0,1,1,0,0,0,0,1,0,0,1,0,0,1,0,0,1,1,1,0,1,1,1,1,0,0,1,0,0,0,0,0,0,0,1,0,1,0,0,1,0,0,0,1,0,1,1,1,0,0,0,0,1,0,0,0,0,0,0,0,0,0,0,0,0,0,0,0,0,0,0,0,1,0,1,1,0,0,1,0,0,1,0,0,0,0,1,0.4727272727272727,0.05360695960606832,1
58,0,0,0,0,0,1,0,0,0,0,0,0,0,1,0,1,1,0,1,1,1,1,0,0,1,1,0,0,0,0,1,0,0,1,1,0,1,0,1,0,0,1,0,1,1,1,1,0,0,1,0,1,0,0,0,0,0,1,0,1,0,0,1,0,0,0,1,0,1,1,0,0,0,0,0,1,0,0,0,0,0,0,0,0,0,0,0,0,0,0,0,0,0,0,0,1,0,1,0,0,0,0,0,0,1,1,0,0,1,1,0.44545454545454544,0.05226191520581968,1
59,0,0,0,0,1,1,0,0,1,0,0,1,0,1,0,1,0,0,1,1,1,1,0,0,1,1,0,0,0,0,1,0,0,1,0,0,1,0,1,1,0,1,0,1,1,1,0,0,0,1,0,0,0,0,0,0,0,1,0,1,0,0,1,0,0,0,1,0,0,1,1,0,0,0,0,1,0,0,0,0,0,0,0,0,1,0,0,0,0,0,0,0,0,1,0,1,0,0,0,0,0,0,0,0,1,1,0,0,1,1,0.45454545454545453,0.05457180030219962,1
60,0,0,0,0,0,0,0,0,0,0,0,0,0,1,0,1,1,0,1,1,1,1,0,0,1,1,0,0,0,0,1,0,0,1,0,0,1,0,1,1,1,1,0,1,1,1,1,0,0,1,0,0,0,0,0,0,0,1,0,1,0,0,1,0,0,0,1,0,1,1,1,0,0,0,0,1,0,0,0,0,0,0,0,0,1,0,0,0,0,0,0,0,0,1,0,1,0,1,0,0,0,1,0,0,1,1,0,0,0,1,0.45454545454545453,0.05758985365681681,1
61,0,0,0,0,0,1,0,0,1,0,0,0,0,1,0,1,0,0,1,1,1,0,0,0,1,1,0,0,0,0,1,0,0,1,0,0,1,0,1,1,0,1,0,1,1,1,1,0,1,1,0,0,0,0,0,0,0,1,0,1,0,0,1,0,0,0,1,0,1,0,0,0,1,0,0,1,0,0,0,0,0,1,0,0,0,0,0,0,0,0,0,0,0,1,0,1,0,1,0,0,0,1,0,0,1,1,0,0,1,1,0.44545454545454544,0.05735683393647405,1
62,0,0,0,0,0,1,0,0,0,0,0,1,0,1,0,1,0,0,1,1,1,1,0,0,1,1,0,0,0,0,1,0,0,1,0,0,1,0,1,1,1,1,0,1,0,1,1,0,0,1,0,0,0,0,0,0,0,1,0,1,0,0,1,0,0,0,1,0,0,1,0,1,1,0,0,1,0,0,0,0,0,0,0,0,0,0,0,0,0,0,0,0,0,1,0,1,0,1,0,0,0,0,0,0,1,1,0,0,1,1,0.4727272727272727,0.05563559038781389,1
63,0,0,0,0,0,0,0,0,0,0,0,1,0,1,0,1,0,0,1,1,1,1,0,0,1,1,0,0,0,0,1,0,0,1,0,0,1,0,1,1,1,1,0,1,0,1,0,0,0,1,0,0,0,0,0,0,0,1,0,1,0,0,1,0,0,0,1,0,1,1,0,1,0,0,0,1,0,0,0,0,0,0,0,0,1,0,0,0,0,0,0,0,0,1,0,1,0,1,0,0,0,1,0,0,1,1,0,0,1,1,0.4090909090909091,0.0561108681687384,1
64,0,0,0,0,0,1,0,0,1,0,0,0,0,1,0,1,0,0,1,1,1,1,0,0,1,1,0,0,0,0,1,0,0,1,0,0,1,0,1,1,1,1,0,0,0,1,1,0,0,0,0,0,0,0,0,0,0,1,0,1,0,0,1,0,0,0,1,0,1,0,0,0,0,0,0,1,0,0,0,0,0,0,0,0,1,0,0,0,0,0,0,0,0,1,0,1,0,1,0,0,0,0,0,0,1,1,0,0,1,1,0.43636363636363634,0.05194867342922687,1
65,0,0,0,0,1,1,1,0,1,0,0,1,0,1,0,1,1,0,1,1,1,1,0,0,1,1,0,0,0,0,1,0,0,1,0,0,1,0,1,1,1,1,0,1,1,1,1,0,0,1,0,0,0,0,0,0,0,1,0,1,0,0,1,0,0,0,1,0,1,1,0,0,0,0,0,1,0,0,0,0,0,0,0,0,0,0,0,0,0,0,0,0,0,1,0,1,0,1,0,0,0,1,0,0,1,0,0,0,0,1,0.45454545454545453,0.058705614029985725,1
66,0,0,0,0,1,1,0,0,0,1,0,1,0,1,1,1,0,0,1,1,1,1,0,0,1,1,0,0,0,0,1,0,0,1,0,0,1,0,1,1,1,1,0,1,1,1,1,0,0,0,0,0,0,0,0,0,0,1,0,1,0,0,1,0,0,0,1,0,0,1,0,1,0,0,0,1,0,0,0,0,0,0,0,0,0,0,0,0,0,0,0,0,0,1,0,1,0,1,0,0,0,1,0,0,1,1,0,0,1,1,0.4636363636363636,0.060171098326255855,1
67,0,0,0,0,0,0,0,0,0,0,0,0,0,1,1,1,0,0,1,1,1,1,0,0,1,1,0,0,0,0,1,0,0,1,0,0,1,0,1,1,1,1,0,1,1,1,1,0,1,1,0,0,0,0,0,0,0,1,0,1,0,0,1,0,0,0,1,0,1,1,1,0,1,0,0,1,0,0,0,0,0,0,0,0,0,0,0,0,0,0,0,0,0,1,0,1,0,0,0,0,0,1,0,0,1,1,0,0,0,1,0.4636363636363636,0.057672033221396246,1
68,0,0,0,0,1,0,0,0,1,0,0,1,0,1,1,1,0,0,1,1,1,1,0,0,1,1,0,0,0,0,1,0,0,1,0,0,1,0,0,1,0,1,0,1,0,1,1,0,0,1,0,0,0,0,0,0,0,1,0,1,0,0,1,0,0,0,0,0,1,1,1,0,1,0,0,1,0,0,0,0,0,0,0,0,1,0,0,0,0,0,0,0,0,1,0,0,0,1,1,0,0,0,0,0,1,1,0,0,1,1,0.41818181818181815,0.05633202876061056,1
69,0,0,0,0,0,0,0,0,0,0,0,1,0,1,0,1,0,0,1,1,1,1,0,0,1,1,0,0,0,0,1,0,0,1,0,0,1,0,0,1,1,1,0,1,1,1,1,0,0,1,0,1,0,0,0,0,0,1,0,1,0,0,1,0,0,0,1,0,1,1,0,0,1,0,0,1,0,0,0,0,0,0,0,0,0,0,0,0,0,0,0,0,0,1,0,1,0,1,0,0,0,1,0,0,1,1,0,0,0,1,0.45454545454545453,0.055096981095587735,1
70,0,0,0,0,0,0,0,0,0,0,0,1,0,1,0,1,0,0,1,1,1,1,0,0,1,1,0,0,0,0,1,0,0,1,0,0,1,0,1,1,1,1,0,1,0,1,1,0,0,1,0,0,0,0,0,0,0,1,0,1,0,0,1,0,0,0,1,0,1,1,1,0,0,0,0,1,0,0,0,0,0,0,0,0,0,0,0,0,0,0,0,0,0,0,0,1,0,1,0,0,0,1,0,0,1,1,0,0,1,1,0.4636363636363636,0.05451284320694591,1
71,0,0,0,0,0,0,0,0,0,0,0,1,0,1,0,1,0,0,1,1,1,1,0,0,1,1,0,0,0,0,1,0,0,1,0,0,1,0,0,1,1,1,0,1,1,1,1,0,0,0,0,0,0,0,0,0,0,1,0,1,0,0,1,0,0,0,1,0,1,0,1,0,0,0,0,1,0,0,0,0,0,0,0,0,0,0,0,0,0,0,0,0,0,1,0,1,0,1,0,0,0,1,0,0,1,0,0,0,1,1,0.4636363636363636,0.051162609807664114,1
72,0,0,0,0,1,0,0,0,1,0,0,0,0,1,0,1,0,0,1,1,1,1,0,0,1,1,0,0,0,0,1,0,0,1,0,0,1,0,1,1,1,1,0,1,1,1,1,0,0,1,0,1,0,0,0,0,0,1,0,1,0,0,1,0,0,0,1,0,0,1,1,0,1,0,0,1,0,0,0,0,0,0,0,0,1,0,0,0,0,0,0,0,0,1,0,1,0,1,0,0,0,1,0,0,1,0,0,0,1,1,0.45454545454545453,0.060881024533305385,1
73,0,0,0,0,1,0,1,0,1,0,0,1,0,1,1,1,1,0,1,1,1,1,0,0,1,1,0,0,0,0,1,0,0,1,0,0,1,0,1,1,1,1,0,1,1,1,1,0,0,1,0,0,0,0,0,0,0,1,0,1,0,0,1,0,0,0,1,0,0,0,1,0,0,0,0,1,0,0,0,0,0,0,0,0,0,0,0,0,0,0,0,0,0,1,0,1,0,1,0,0,0,1,0,0,1,0,0,0,1,1,0.42727272727272725,0.05840940717464849,1
74,0,0,0,0,0,0,0,0,1,0,0,0,0,1,0,1,0,0,1,1,1,1,0,0,1,1,0,0,0,0,1,0,0,0,0,0,1,0,1,1,1,1,0,1,1,1,1,0,1,1,0,1,0,0,0,0,1,1,0,1,0,0,1,0,0,0,1,0,1,1,1,0,1,0,0,1,0,0,0,0,0,0,0,0,1,0,0,0,0,0,0,0,0,1,0,1,0,1,0,0,0,1,0,0,1,0,0,0,1,1,0.4818181818181818,0.062305187869421956,1
75,0,0,0,0,1,0,0,0,1,0,0,0,0,1,0,1,0,0,1,1,1,1,0,0,1,1,0,0,0,0,1,0,0,1,0,0,1,0,0,1,1,1,0,1,0,1,1,0,0,0,0,0,0,0,0,0,0,1,0,1,0,0,1,0,0,0,1,0,1,1,1,0,0,0,0,1,0,0,0,0,0,0,0,0,1,0,0,0,0,0,0,0,0,1,0,1,0,1,0,0,0,1,0,0,1,1,0,0,1,1,0.4818181818181818,0.05687920525876288,1
76,0,0,0,0,0,0,0,0,0,0,0,1,0,1,0,1,1,0,1,1,1,1,0,0,1,1,0,0,0,0,1,0,0,1,0,0,1,0,0,1,1,1,0,1,1,1,1,0,0,1,0,0,0,0,0,0,0,1,0,1,1,0,1,0,0,0,1,0,1,1,0,0,0,0,0,1,0,0,0,0,0,0,0,0,1,0,0,0,0,0,0,0,0,1,0,0,0,1,0,0,0,1,0,0,1,1,0,0,0,1,0.4727272727272727,0.05532037704295253,1
77,0,0,0,0,1,1,0,0,0,0,0,1,0,1,0,1,0,0,1,1,1,1,0,0,1,1,0,0,0,0,1,0,0,1,0,0,1,0,1,1,1,1,0,1,1,1,1,0,0,1,0,0,0,0,0,0,1,1,0,1,0,0,1,0,0,0,1,0,1,1,0,0,0,0,0,1,0,0,0,0,0,0,0,0,1,0,0,0,0,0,0,0,0,0,0,1,0,1,0,0,0,1,0,0,1,1,0,0,1,1,0.45454545454545453,0.06066416938016749,1
78,0,0,0,0,1,1,0,0,1,0,0,0,0,1,0,1,0,0,1,1,1,1,0,0,1,1,0,0,0,0,1,0,0,1,0,0,1,0,0,1,1,1,0,1,0,1,1,0,0,1,0,0,0,0,0,0,0,1,0,1,0,0,1,0,0,0,1,0,1,0,1,0,1,0,0,1,0,0,0,0,0,0,0,0,0,0,0,0,0,0,0,0,0,1,0,1,0,1,0,0,0,0,0,0,1,1,0,0,1,1,0.4818181818181818,0.055811497905935765,1
79,0,0,0,0,0,1,0,0,0,0,0,1,0,1,0,1,0,0,1,1,1,1,0,0,1,1,0,0,0,0,1,0,0,1,0,0,1,0,1,1,1,1,0,1,0,1,1,0,0,0,0,1,0,0,0,0,0,1,0,1,0,0,1,0,0,0,0,0,0,1,1,0,1,0,0,1,0,0,0,0,0,0,0,0,0,0,0,0,0,0,0,0,0,1,0,1,0,1,1,0,0,0,0,0,1,1,0,0,0,1,0.4909090909090909,0.05337705808739664,1
80,0,0,0,0,1,1,0,0,0,0,0,1,0,1,0,1,0,0,1,1,1,1,0,0,1,1,0,0,0,0,1,0,0,1,0,0,1,0,1,1,1,1,0,1,1,1,1,0,0,1,0,0,1,0,0,0,0,1,0,1,0,0,1,0,0,0,1,0,1,1,1,0,0,0,0,1,1,0,0,0,0,0,0,0,0,0,0,0,0,0,0,0,0,1,0,1,0,1,0,0,0,1,0,0,1,1,0,0,1,1,0.5,0.06448360538548294,1
81,0,0,0,0,0,0,0,0,1,0,0,1,0,1,0,1,0,0,1,1,1,1,0,0,1,1,0,0,0,0,1,0,0,1,0,0,1,0,1,1,1,1,0,1,0,1,1,0,1,0,0,0,0,0,0,0,1,1,0,1,0,0,1,0,0,0,0,0,1,1,1,0,1,0,0,1,0,0,0,0,0,0,0,0,1,0,0,0,0,0,0,0,0,1,0,1,0,1,1,0,0,0,0,0,1,1,0,0,0,1,0.44545454545454544,0.05867339990990155,1
82,0,0,0,0,0,1,0,0,1,0,0,1,0,1,0,1,1,0,1,1,1,1,0,0,1,1,0,0,0,0,1,0,0,1,0,0,1,0,0,1,1,1,0,1,0,1,1,0,0,1,0,0,0,0,0,0,0,1,0,1,0,0,1,0,0,0,0,0,1,1,0,0,0,0,0,1,0,0,0,0,0,1,0,0,0,0,0,0,0,0,0,0,0,1,0,0,0,1,0,0,1,0,0,0,1,0,0,0,1,1,0.42727272727272725,0.05251747000865694,1
83,0,0,0,0,1,1,0,0,0,0,0,1,0,1,1,1,0,0,1,1,1,1,0,0,1,1,0,0,0,0,1,0,0,1,0,0,1,0,0,1,1,1,0,1,0,1,1,0,0,1,0,0,0,0,0,0,1,1,0,1,0,0,1,0,0,0,1,0,0,1,0,0,1,0,0,1,0,0,0,0,0,0,0,0,1,0,0,0,0,0,0,0,0,1,0,1,0,1,0,0,0,1,0,0,1,1,0,0,1,1,0.4636363636363636,0.06028493419277192,1
84,0,0,0,0,1,0,0,0,0,0,0,1,0,1,0,1,0,0,1,1,1,1,0,0,1,1,0,0,0,0,1,0,0,1,0,0,1,0,0,1,1,1,0,1,0,1,1,0,0,1,0,0,0,0,0,0,0,1,0,1,0,0,1,0,0,0,1,0,1,1,1,0,1,0,0,1,0,0,0,0,0,0,0,0,1,0,0,0,0,0,0,0,0,1,0,1,0,1,0,0,0,0,0,0,1,1,0,0,1,1,0.45454545454545453,0.05810593337041469,1
85,0,0,0,0,0,1,0,0,1,0,0,1,0,1,0,1,0,0,1,1,1,1,0,0,1,1,0,0,0,0,1,0,0,1,0,0,1,0,1,1,1,1,0,1,1,1,1,0,0,1,0,0,0,0,0,0,0,1,0,1,0,0,1,0,0,0,0,0,1,1,0,0,0,0,0,1,0,0,0,0,0,0,0,0,0,0,0,0,0,0,0,0,0,1,0,1,0,1,0,0,0,0,0,0,1,0,0,0,1,1,0.45454545454545453,0.05316141067267054,1
86,0,0,0,0,1,1,0,0,1,0,0,1,0,0,0,1,1,0,1,1,1,1,0,0,1,1,0,0,0,0,1,0,0,1,0,0,1,0,0,1,1,1,0,1,0,1,1,0,0,0,0,0,0,0,0,0,0,1,0,1,0,0,1,0,0,0,1,0,1,1,0,0,0,0,0,1,0,0,0,0,0,0,0,0,0,0,0,0,0,0,0,0,0,1,0,1,0,0,0,0,0,1,0,0,1,1,0,0,1,1,0.4727272727272727,0.05374474366603652,1
87,0,0,0,0,0,0,0,0,1,0,0,0,0,1,0,1,0,0,1,1,1,1,0,0,1,1,0,0,0,0,1,0,0,1,0,0,1,0,1,1,1,1,0,1,1,1,1,0,0,1,0,0,0,0,0,0,0,1,0,1,0,0,1,0,0,0,0,0,1,1,1,0,0,0,0,1,0,0,0,0,0,0,0,0,0,0,0,0,0,0,0,0,0,1,0,1,0,1,0,0,0,0,0,0,1,1,0,0,1,1,0.42727272727272725,0.05407527556142689,1
88,0,0,0,0,1,0,0,0,0,0,0,1,0,1,0,1,0,0,1,1,1,1,0,0,0,1,0,0,0,0,1,0,0,1,0,0,1,0,1,1,1,1,0,1,1,1,1,0,0,1,0,0,0,0,0,0,1,1,0,1,0,0,1,0,0,0,1,0,1,1,0,0,1,0,0,1,0,0,0,0,0,0,0,0,1,0,0,0,0,0,0,0,0,1,0,1,0,1,1,0,0,0,0,0,1,1,0,0,1,1,0.45454545454545453,0.060543883191605384,1
89,0,0,0,0,0,0,0,0,0,0,0,0,0,1,0,1,0,0,1,1,1,1,0,0,1,1,0,0,0,0,1,0,0,1,0,0,1,0,0,1,1,1,0,1,0,1,1,0,1,1,0,0,0,0,0,0,0,1,0,1,0,0,1,0,0,0,1,0,1,1,0,0,0,0,0,1,0,0,0,0,0,0,0,0,0,0,0,0,0,0,0,0,0,1,0,1,0,1,0,0,0,1,0,0,1,1,0,0,1,1,0.4727272727272727,0.05325149290461868,1
90,0,0,0,0,0,0,0,0,1,0,0,1,0,1,0,1,0,0,1,1,1,1,0,0,1,1,0,0,0,0,1,0,0,1,0,0,1,0,1,1,0,1,0,1,1,1,1,0,0,0,0,0,0,0,0,0,0,1,0,1,0,0,1,0,0,0,1,0,1,1,1,1,0,0,0,1,0,0,0,0,0,0,0,0,0,0,0,0,0,0,0,0,0,1,0,1,0,1,0,0,0,1,0,0,1,0,0,0,0,1,0.4818181818181818,0.05330116317270776,1
91,0,0,0,0,0,0,0,0,1,0,0,0,0,1,1,1,1,0,1,1,1,1,0,0,1,1,0,0,0,0,1,0,0,1,0,0,1,0,1,1,1,1,0,0,0,1,1,0,0,1,0,0,0,0,0,0,1,1,0,1,0,0,1,0,0,0,0,0,1,1,1,0,0,0,0,1,0,0,0,0,0,0,0,0,1,0,0,0,0,0,0,0,0,1,0,1,0,1,0,0,0,0,0,0,1,1,0,0,1,1,0.45454545454545453,0.056198124604415686,1
92,0,0,0,0,1,0,0,0,0,0,0,0,0,1,1,1,1,0,1,1,1,1,0,0,1,1,0,0,0,0,1,0,0,0,0,0,1,0,1,1,1,1,0,1,0,1,1,0,0,1,0,0,0,0,0,0,0,1,0,1,0,0,1,0,0,0,1,0,1,1,1,0,0,0,0,1,0,0,0,0,0,0,0,0,0,0,0,0,0,0,0,0,0,1,0,1,0,1,0,0,0,1,0,0,1,1,0,0,1,1,0.4727272727272727,0.057458238200956184,1
93,0,0,0,0,1,0,0,0,0,0,0,1,0,1,0,1,1,0,1,1,1,1,0,0,1,1,0,0,0,0,1,0,0,1,0,0,1,0,0,1,1,1,0,1,1,1,1,0,0,1,0,0,0,0,0,0,0,1,0,1,0,0,1,0,0,0,1,0,1,0,1,0,1,0,0,1,0,0,0,0,0,0,0,0,1,0,0,0,0,0,0,0,0,1,0,1,0,1,0,0,0,1,0,0,1,1,0,0,1,1,0.4727272727272727,0.06078766260582152,1
94,0,0,0,1,1,0,0,0,0,0,0,0,0,1,1,1,0,0,1,1,1,1,0,0,0,1,0,0,0,0,1,0,0,1,0,0,1,0,0,1,1,1,0,1,1,1,1,0,0,1,0,0,0,0,0,0,1,1,0,1,0,0,1,0,0,0,1,0,0,1,1,0,0,0,0,1,0,0,0,0,0,0,0,0,1,0,0,0,0,0,0,0,0,1,0,1,0,1,0,0,0,0,0,0,1,0,0,0,1,1,0.4727272727272727,0.05468500555064138,1
95,0,0,0,0,1,0,0,0,0,0,0,0,0,1,1,1,0,0,1,1,1,1,0,0,1,1,0,0,0,0,1,0,0,1,0,0,1,0,1,1,1,1,0,0,0,1,1,0,0,1,0,0,0,0,0,0,1,1,0,1,0,0,1,0,0,0,1,0,1,1,1,0,0,0,0,1,0,0,0,0,0,0,0,0,0,0,0,0,0,0,0,0,0,1,0,1,0,0,1,0,0,1,0,0,1,0,0,0,1,1,0.4818181818181818,0.0552565292899679,1
96,0,0,0,0,0,0,0,0,0,0,0,0,0,1,0,1,0,0,1,1,1,1,0,0,1,1,0,0,0,0,1,0,0,1,0,0,1,0,1,1,1,1,0,1,1,1,1,0,0,0,0,0,0,0,0,0,0,1,0,1,0,0,1,0,0,0,1,0,1,1,0,0,0,0,0,1,0,0,0,0,0,0,0,0,1,0,0,0,0,0,0,0,0,1,0,0,0,1,0,0,0,0,0,0,1,1,0,0,1,1,0.5181818181818182,0.05238025640124945,1
97,0,0,0,0,0,1,0,0,0,0,0,0,0,1,0,1,0,0,1,1,1,1,0,0,1,1,0,0,0,0,1,0,0,1,0,0,1,0,1,1,1,1,0,1,1,1,1,0,0,1,0,1,0,0,0,0,1,1,0,1,0,0,1,0,0,0,1,0,1,1,0,0,0,0,0,1,0,0,0,0,0,0,0,0,1,0,0,0,0,0,0,0,0,1,0,1,0,0,0,0,0,1,0,0,1,1,0,0,1,1,0.5,0.05848156503831311,1
98,0,0,0,0,0,0,0,0,0,0,0,1,0,1,0,1,0,0,1,1,1,1,0,0,1,1,0,0,0,0,1,0,0,1,0,0,1,0,1,1,1,1,0,1,0,1,1,0,0,1,0,0,0,0,0,0,1,1,0,1,1,0,1,0,0,0,1,0,1,1,0,0,0,0,0,1,0,0,0,0,0,0,0,0,1,0,0,0,0,0,0,0,0,1,0,0,0,1,0,0,0,0,0,0,1,1,0,0,1,1,0.4818181818181818,0.05580186866401128,1
99,0,0,0,0,1,1,0,0,1,0,0,1,0,0,0,1,0,0,1,1,1,0,0,0,1,1,0,0,0,0,1,0,0,1,0,0,1,0,1,1,1,1,0,1,1,1,1,0,0,1,0,0,0,0,0,0,0,1,0,1,0,0,1,0,0,0,1,0,1,1,1,0,1,0,0,1,0,0,0,0,0,0,0,0,0,0,0,0,0,0,0,0,0,0,0,1,0,1,1,0,0,1,0,0,1,1,0,0,1,1,0.5272727272727272,0.06136138736340398,1
